CV-synthetic-mag-splus.ecsv
# %ECSV 0.9
# ---
# datatype:
# - {name: ID, datatype: string}
# - {name: RA, datatype: float64}
# - {name: DEC, datatype: float64}
# - {name: U, datatype: float64}
# - {name: F378, datatype: float64}
# - {name: F395, datatype: float64}
# - {name: F410, datatype: float64}
# - {name: F430, datatype: float64}
# - {name: G, datatype: float64}
# - {name: F515, datatype: float64}
# - {name: R, datatype: float64}
# - {name: F660, datatype: float64}
# - {name: I, datatype: float64}
# - {name: F861, datatype: float64}
# - {name: Z, datatype: float64}
# meta: {name: first table}
# schema: astropy-2.0
ID RA DEC U F378 F395 F410 F430 G F515 R F660 I F861 Z
[from data line 60]
SDSSJ1221705.86+381406.2 122.28496 38.235064 15.298633575439453 15.284249305725098 15.300321578979492 15.345949172973633 15.364376068115234 15.404254913330078 15.454174995422363 15.461050987243652 15.323609352111816 15.531692504882812 15.583491325378418 15.599688529968262
SDSSJ1351559.00+480911.1 135.26639 48.153093 19.505319595336914 19.45491600036621 19.23709487915039 19.45456314086914 19.403343200683594 19.43038558959961 19.4821834564209 19.32131576538086 18.706226348876953 19.173904418945312 18.919193267822266 18.938234329223633
SDSSJ1910633.88+613514.6 191.10941 61.587399 18.393436431884766 18.381437301635742 18.412477493286133 18.685653686523438 18.69011878967285 18.75084686279297 18.832904815673828 18.5694637298584 18.095529556274414 18.41362190246582 18.275211334228516 18.29515266418457
SDSSJ2252418.36+550123.4 225.4051 55.023169 19.48881721496582 19.47083282470703 19.50194549560547 19.421030044555664 19.397022247314453 19.354217529296875 19.319616317749023 19.408552169799805 19.04491424560547 19.527740478515625 19.273771286010742 19.300029754638672
SDSSJ2343420.21+512338.0 234.57228 51.393895 18.136959075927734 18.111135482788086 18.132261276245117 18.3424072265625 18.32060432434082 18.520671844482422 18.772418975830078 18.664440155029297 17.935894012451172 18.799991607666016 18.85097312927246 18.845590591430664
SDSSJ1350408.36+430118.2 135.06899 43.021719 18.589406967163086 18.55824089050293 18.55868148803711 18.95867156982422 18.921335220336914 18.83120346069336 18.861555099487305 18.184480667114258 17.58424949645996 17.412914276123047 17.05890464782715 17.039379119873047
SDSSJ1431223.54+472523.0 143.20654 47.423051 18.021570205688477 18.001768112182617 18.0611572265625 18.123727798461914 18.243785858154297 18.147005081176758 18.184282302856445 17.982641220092773 17.52143669128418 17.927398681640625 17.864431381225586 17.893795013427734
SDSSJ1840145.52+52013.9 184.02931 5.3372032 19.916767120361328 19.899091720581055 19.945533752441406 19.944570541381836 19.908626556396484 19.946266174316406 20.002859115600586 19.84931755065918 18.983457565307617 20.02849006652832 19.910789489746094 19.908349990844727
SDSSJ1221132.89+313106.0 122.19247 31.518329 14.22465991973877 14.233797073364258 14.206748962402344 14.208598136901855 14.249670028686523 14.324287414550781 14.394140243530273 14.513647079467773 14.520245552062988 14.663182258605957 14.766327857971191 14.767504692077637
SDSSJ1641414.96+494118.3 164.23749 49.688412 17.453760147094727 17.411792755126953 17.497739791870117 17.790231704711914 17.791641235351562 17.903005599975586 18.0306339263916 18.09473419189453 17.602739334106445 18.185619354248047 18.1439266204834 18.16547203063965
SDSSJ1641414.96+494118.3 164.23749 49.688412 16.835947036743164 16.799949645996094 16.85858154296875 17.167587280273438 17.160198211669922 17.207340240478516 17.28467559814453 16.997215270996094 16.4405517578125 16.796260833740234 16.613290786743164 16.641292572021484
SDSSJ1865512.50+513925.0 186.92014 51.656936 19.213973999023438 19.18228530883789 19.203327178955078 19.19197654724121 19.18404197692871 19.150196075439453 19.10865020751953 19.23488998413086 19.137645721435547 19.175209045410156 18.96138572692871 18.92740249633789
SDSSJ1430342.37+495054.8 143.06177 49.848542 18.392742156982422 18.3780460357666 18.244365692138672 18.031261444091797 17.93959617614746 17.694337844848633 17.561973571777344 17.267244338989258 17.15399169921875 17.116361618041992 17.080293655395508 17.075563430786133
SDSSJ1550637.91+530433.1 155.11053 53.07586 14.027384757995605 14.033978462219238 13.929397583007812 13.904284477233887 13.927026748657227 14.001439094543457 14.073905944824219 14.216079711914062 14.251890182495117 14.396552085876465 14.496692657470703 14.493696212768555
SDSSJ1605910.93+580731.9 160.98637 58.12553 17.41691780090332 17.442340850830078 17.33915138244629 17.373058319091797 17.342575073242188 17.34661102294922 17.332534790039062 17.34347152709961 17.158077239990234 17.15849494934082 16.911264419555664 16.892200469970703
SDSSJ1780357.46+491441.9 178.06596 49.244967 18.65526580810547 18.655702590942383 18.582538604736328 18.683210372924805 18.61044692993164 18.616104125976562 18.634057998657227 18.593502044677734 18.119773864746094 18.521360397338867 18.285730361938477 18.313337326049805
SDSSJ2553318.86+322954.1 255.55524 32.498373 18.325462341308594 18.329517364501953 18.15578269958496 18.406314849853516 18.344615936279297 18.285234451293945 18.238494873046875 17.977619171142578 17.44584083557129 17.432661056518555 17.033546447753906 17.04078483581543
SDSSJ2575616.26+301320.0 257.93785 30.222219 20.459678649902344 20.39585304260254 20.530967712402344 20.46162986755371 20.323524475097656 20.274145126342773 20.239482879638672 20.143810272216797 19.711368560791016 20.247556686401367 20.13960838317871 20.141462326049805
SDSSJ3150331.75+04446.0 315.05882 0.74610065 16.561256408691406 16.51903533935547 16.377431869506836 16.37803840637207 16.410188674926758 16.45690155029297 16.506187438964844 16.557861328125 16.518041610717773 16.61127281188965 16.617374420166016 16.622282028198242
SDSSJ1585315.40+55158.4 158.88761 5.8662194 18.746885299682617 18.74519157409668 18.728130340576172 18.7126522064209 18.683286666870117 18.660215377807617 18.63664436340332 18.783096313476562 18.7136287689209 18.9454345703125 18.958444595336914 18.930431365966797
SDSSJ1625347.29+540436.0 162.89647 54.076679 18.827421188354492 18.756711959838867 18.559383392333984 18.573755264282227 18.560123443603516 18.57689094543457 18.630210876464844 18.590309143066406 18.39804458618164 18.612510681152344 18.60303497314453 18.63817024230957
SDSSJ1965828.02+535130.6 196.97445 53.858498 15.852822303771973 15.843155860900879 15.872040748596191 15.96317195892334 16.02464485168457 16.135101318359375 16.300525665283203 16.461896896362305 16.394989013671875 16.70193862915039 16.868799209594727 16.883581161499023
SDSSJ105347.05-03729.8 10.896403 -0.62495218 19.980377197265625 19.992300033569336 20.020374298095703 20.048891067504883 19.98114776611328 19.96792984008789 19.933429718017578 19.916196823120117 19.57503318786621 20.067506790161133 20.08563232421875 20.075191497802734
SDSSJ2265034.98+523039.8 226.84305 52.511066 18.228391647338867 18.231502532958984 18.33108901977539 18.295034408569336 18.271240234375 18.227371215820312 18.191287994384766 18.318164825439453 18.127723693847656 18.426368713378906 18.4370174407959 18.40336036682129
SDSSJ2265034.98+523039.8 226.84305 52.511066 18.149662017822266 18.154964447021484 18.172046661376953 18.18024253845215 18.114370346069336 18.093069076538086 18.06890869140625 18.181058883666992 17.943103790283203 18.297191619873047 18.21660804748535 18.211284637451172
SDSSJ2461526.17+390926.4 246.25727 39.15732 17.434614181518555 17.402605056762695 17.396230697631836 17.574520111083984 17.54427719116211 17.622222900390625 17.693035125732422 17.61613655090332 17.121273040771484 17.646583557128906 17.521045684814453 17.545223236083984
SDSSJ1344717.77+53654.5 134.78827 5.6151447 18.60475730895996 18.541637420654297 18.492717742919922 18.650253295898438 18.355031967163086 18.534631729125977 18.634082794189453 18.398902893066406 18.024394989013672 17.927776336669922 17.722105026245117 17.677152633666992
SDSSJ1411107.26+80150.9 141.18535 8.0308165 19.354768753051758 19.366409301757812 19.385671615600586 19.624704360961914 19.52683448791504 19.36737060546875 19.307130813598633 18.726797103881836 18.23396873474121 18.131269454956055 17.83929443359375 17.822856903076172
SDSSJ1443914.76+71455.1 144.6541 7.2486462 18.572708129882812 18.479520797729492 18.243335723876953 18.599706649780273 18.514671325683594 18.40721321105957 18.38727378845215 17.815448760986328 17.078397750854492 16.936405181884766 16.515310287475586 16.472793579101562
SDSSJ1333330.31+390537.3 133.55842 39.093681 18.55714225769043 18.560340881347656 18.547260284423828 18.508573532104492 18.498830795288086 18.5081729888916 18.522846221923828 18.656675338745117 18.568641662597656 18.829090118408203 18.924070358276367 18.90302848815918
SDSSJ1463908.93+444644.7 146.65248 44.779086 18.307598114013672 18.34348487854004 18.401935577392578 18.442794799804688 18.459238052368164 18.448949813842773 18.449047088623047 18.301040649414062 17.970067977905273 17.933021545410156 17.65552520751953 17.640283584594727
SDSSJ1232800.30+281317.3 123.46675 28.221475 16.825105667114258 16.795745849609375 16.848464965820312 17.000398635864258 17.02065658569336 17.064409255981445 17.13835906982422 17.058683395385742 16.827552795410156 17.057220458984375 17.05470848083496 17.075481414794922
SDSSJ1535340.06+90442.1 153.89446 9.0783619 16.83959197998047 16.826047897338867 16.836549758911133 16.878456115722656 16.7655029296875 16.632232666015625 16.54437828063965 16.309267044067383 16.09395980834961 16.289867401123047 16.358129501342773 16.357606887817383
SDSSJ1355740.90+330036.1 135.96136 33.01003 19.069074630737305 19.037565231323242 18.901700973510742 19.14714813232422 19.088071823120117 19.165876388549805 19.20124626159668 19.154726028442383 18.547630310058594 19.257118225097656 19.051128387451172 19.112947463989258
SDSSJ2045516.86+484727.5 204.92135 48.790961 17.79278564453125 17.7674560546875 17.752546310424805 17.706260681152344 17.653175354003906 17.62582015991211 17.59811019897461 17.714824676513672 17.502479553222656 17.88120460510254 17.92636489868164 17.93914031982422
SDSSJ1375150.36+84140.8 137.86399 8.6946647 19.21260643005371 19.146501541137695 19.262737274169922 19.61327362060547 19.576618194580078 19.567365646362305 19.636980056762695 19.07238006591797 18.449905395507812 18.56903076171875 18.25908660888672 18.264135360717773
SDSSJ1395616.62+85710.0 139.93795 8.9527854 18.330650329589844 18.308063507080078 18.32183265686035 18.299949645996094 18.241870880126953 18.221637725830078 18.19352149963379 18.332021713256836 18.01866912841797 18.562053680419922 18.616304397583008 18.614028930664062
SDSSJ1685608.45+425822.4 168.93568 42.9729 16.171144485473633 16.16272735595703 16.05255126953125 16.104337692260742 16.153562545776367 16.295005798339844 16.419132232666016 16.597152709960938 16.51915168762207 16.193159103393555 15.822200775146484 15.74750804901123
SDSSJ2351610.06+360252.9 235.26946 36.048016 19.850387573242188 19.875774383544922 19.72846221923828 19.740489959716797 19.670259475708008 19.565059661865234 19.47746467590332 18.919803619384766 18.667545318603516 18.359952926635742 17.99553108215332 18.039386749267578
SDSSJ2472407.96+263519.6 247.40221 26.58877 19.33169937133789 19.164146423339844 19.132017135620117 19.352815628051758 19.296913146972656 19.336496353149414 19.444217681884766 19.133089065551758 18.573278427124023 18.78778839111328 18.558910369873047 18.519330978393555
SDSSJ2391413.85+352336.6 239.23718 35.393512 19.196107864379883 19.182363510131836 19.154916763305664 19.226749420166016 19.22057342529297 19.197309494018555 19.18306541442871 19.050304412841797 18.806007385253906 18.93693733215332 18.814401626586914 18.819866180419922
SDSSJ1555004.09+440509.8 155.83447 44.086066 16.887483596801758 16.874675750732422 16.88675880432129 16.986980438232422 17.02378273010254 17.134241104125977 17.24555206298828 17.308279037475586 17.064617156982422 17.423511505126953 17.44601821899414 17.474769592285156
SDSSJ1660624.66+450314.0 166.10685 45.053887 16.532062530517578 16.51378059387207 16.522199630737305 16.63597297668457 16.653478622436523 16.650291442871094 16.676753997802734 16.6898136138916 16.50249481201172 16.720901489257812 16.554929733276367 16.603862762451172
SDSSJ065200.15-10828.5 6.866708 -1.141258 20.51361656188965 20.504261016845703 20.58356475830078 20.763320922851562 20.858909606933594 20.786605834960938 20.78601837158203 20.644922256469727 20.25160789489746 20.400300979614258 19.766860961914062 19.681093215942383
SDSSJ124243.20+00912.7 12.711999 0.15353 20.277502059936523 20.250349044799805 20.593509674072266 20.623435974121094 20.610271453857422 20.641496658325195 20.60113525390625 20.796464920043945 20.383468627929688 20.851985931396484 20.604963302612305 20.34862518310547
SDSSJ2543925.56+184727.4 254.6571 18.790948 19.889421463012695 19.851886749267578 19.459980010986328 19.89217758178711 19.71498680114746 19.756135940551758 19.86286735534668 19.533946990966797 18.53372573852539 19.55579948425293 19.15694236755371 19.160255432128906
SDSSJ2532945.89+201010.4 253.49608 20.169558 18.34640121459961 18.323204040527344 18.38254737854004 18.58032989501953 18.567960739135742 18.58570098876953 18.590343475341797 18.47487449645996 18.156940460205078 18.358152389526367 18.26620101928711 18.27290153503418
SDSSJ1304559.83+275149.7 130.76662 27.863796 19.1639404296875 19.148862838745117 19.046031951904297 18.98223114013672 18.928163528442383 18.900081634521484 18.859067916870117 18.98284339904785 18.850252151489258 19.13570785522461 19.190256118774414 19.232742309570312
SDSSJ2254014.70+333423.9 225.67075 33.573302 17.493133544921875 17.484708786010742 17.34282684326172 17.44135856628418 17.442163467407227 17.466846466064453 17.558326721191406 17.43668556213379 16.927074432373047 17.480398178100586 17.379575729370117 17.391355514526367
SDSSJ2383305.08+272152.4 238.55141 27.364557 16.712697982788086 16.661087036132812 16.680532455444336 17.036258697509766 17.15707778930664 17.056310653686523 17.00311851501465 17.14911460876465 16.638622283935547 16.63858413696289 16.25197982788086 16.201480865478516
SDSSJ2415615.32+362320.7 241.93759 36.389088 18.19146728515625 18.207107543945312 18.24006462097168 18.19849395751953 18.190717697143555 18.17539405822754 18.1911678314209 18.104219436645508 17.914840698242188 18.162012100219727 18.22640609741211 18.204345703125
SDSSJ2181926.80+101123.3 218.32411 10.189813 18.41948890686035 18.416759490966797 18.498050689697266 18.579036712646484 18.5242977142334 18.53386116027832 18.544902801513672 18.508060455322266 17.944902420043945 18.592565536499023 18.511215209960938 18.50766944885254
SDSSJ2313329.45+81802.3 231.55818 8.3006502 13.321738243103027 13.351912498474121 13.229106903076172 13.187355041503906 13.277620315551758 13.340639114379883 13.409029960632324 13.564266204833984 13.653885841369629 13.731247901916504 13.835373878479004 13.838976860046387
SDSSJ1162258.80+453829.6 116.383 45.641555 18.886219024658203 18.920015335083008 18.94554328918457 19.036043167114258 18.982532501220703 18.962751388549805 18.926326751708984 18.97603988647461 18.603374481201172 19.048309326171875 18.938034057617188 18.953773498535156
SDSSJ1650340.82+131552.1 165.06134 13.264482 18.862213134765625 18.83622169494629 18.771930694580078 19.121925354003906 19.108566284179688 19.223880767822266 19.345970153808594 19.139883041381836 18.33881378173828 19.062658309936523 18.83521842956543 18.890161514282227
SDSSJ2055047.54+150916.9 205.84654 15.154684 17.668418884277344 17.60187530517578 17.56687355041504 17.88518714904785 17.83613395690918 17.89807891845703 17.961469650268555 17.69110870361328 17.121267318725586 17.52965545654297 17.358821868896484 17.389318466186523
SDSSJ1210833.00+510349.2 121.1425 51.063657 17.960830688476562 17.97576141357422 18.011594772338867 17.96271514892578 17.909278869628906 17.879257202148438 17.861221313476562 17.9277400970459 17.591781616210938 18.10700225830078 18.156051635742188 18.16385841369629
SDSSJ2423152.64+35232.8 242.53129 3.8757684 16.401405334472656 16.33896255493164 16.35212516784668 16.537477493286133 16.470767974853516 16.296131134033203 16.201936721801758 15.784350395202637 15.50076675415039 15.519394874572754 15.401762008666992 15.398856163024902
SDSSJ1184045.08+500729.2 118.67919 50.124786 17.55558204650879 17.559049606323242 17.520084381103516 17.4744930267334 17.456405639648438 17.46101951599121 17.45602798461914 17.509950637817383 17.4708194732666 17.551570892333984 17.568641662597656 17.561969757080078
