CV-synthetic-mag-splus.ecsv
# %ECSV 0.9
# ---
# datatype:
# - {name: ID, datatype: string}
# - {name: RA, datatype: float64}
# - {name: DEC, datatype: float64}
# - {name: U, datatype: float64}
# - {name: F378, datatype: float64}
# - {name: F395, datatype: float64}
# - {name: F410, datatype: float64}
# - {name: F430, datatype: float64}
# - {name: G, datatype: float64}
# - {name: F515, datatype: float64}
# - {name: R, datatype: float64}
# - {name: F660, datatype: float64}
# - {name: I, datatype: float64}
# - {name: F861, datatype: float64}
# - {name: Z, datatype: float64}
# meta: {name: first table}
# schema: astropy-2.0
ID RA DEC U F378 F395 F410 F430 G F515 R F660 I F861 Z
[from data line 120]
SDSSJ3161229.20+10545.8 316.20811 1.096068 20.801015853881836 20.80086326599121 20.59473419189453 20.551860809326172 20.527156829833984 20.39578628540039 20.330902099609375 20.082862854003906 19.84871482849121 19.823781967163086 19.385662078857422 19.378820419311523
SDSSJ1164009.30+173412.8 116.66925 17.570225 20.82755470275879 20.777494430541992 20.983369827270508 21.250308990478516 21.10560417175293 21.20985984802246 21.349327087402344 21.16596031188965 20.6334285736084 20.8917236328125 20.56414222717285 20.492290496826172
SDSSJ1195456.81+191417.3 119.91578 19.238127 18.217124938964844 18.17865562438965 18.314130783081055 18.43779945373535 18.451492309570312 18.45923614501953 18.541519165039062 18.215457916259766 17.582992553710938 18.097726821899414 18.014110565185547 18.01836585998535
SDSSJ1290447.24+212105.4 129.07979 21.351487 17.67840003967285 17.67934226989746 17.77711296081543 18.06840705871582 18.01643180847168 18.05735206604004 18.107093811035156 17.802045822143555 17.244508743286133 17.579059600830078 17.35039520263672 17.359773635864258
SDSSJ1545649.02+335753.7 154.94695 33.964909 17.87481117248535 17.865148544311523 17.9146671295166 18.315288543701172 18.28529167175293 18.408557891845703 18.550823211669922 18.306100845336914 17.594453811645508 18.158973693847656 17.897953033447266 17.938947677612305
SDSSJ1780145.08+404947.9 178.02919 40.829971 19.81623077392578 19.75695037841797 19.602272033691406 19.67826271057129 19.634389877319336 19.65035629272461 19.668800354003906 19.636661529541016 19.231971740722656 19.502819061279297 19.291500091552734 19.251867294311523
SDSSJ1633736.52+300610.2 163.62681 30.102833 16.995773315429688 16.981830596923828 17.002235412597656 17.26715660095215 17.253177642822266 17.294130325317383 17.37295913696289 17.149171829223633 16.585420608520508 17.06094741821289 16.921630859375 16.955957412719727
SDSSJ1212337.39+72029.2 121.39372 7.341435 19.85370445251465 19.898958206176758 19.58487319946289 19.10628890991211 18.916057586669922 18.561338424682617 18.469058990478516 17.86081314086914 17.689762115478516 17.588354110717773 17.492534637451172 17.4840030670166
SDSSJ1212337.39+72029.2 121.39372 7.341435 19.854347229003906 19.930679321289062 19.749147415161133 19.3597469329834 19.14720916748047 18.764814376831055 18.655363082885742 18.047637939453125 17.85748863220215 17.76290512084961 17.662399291992188 17.65119171142578
SDSSJ1174916.46+144423.6 117.82124 14.739884 18.771345138549805 18.73871421813965 18.8260498046875 18.834980010986328 18.78532600402832 18.490440368652344 18.43609046936035 17.657548904418945 17.2984619140625 16.819894790649414 16.502994537353516 16.459850311279297
SDSSJ1194315.49+161645.2 119.72097 16.279214 14.961212158203125 14.88170051574707 14.88747501373291 15.233430862426758 15.205452919006348 15.353891372680664 15.548873901367188 15.275500297546387 14.556614875793457 15.2409086227417 15.126998901367188 15.195128440856934
SDSSJ1231412.73+191157.8 123.23687 19.199389 15.729470252990723 15.737810134887695 15.66889762878418 15.676687240600586 15.680261611938477 15.704458236694336 15.738813400268555 15.72140121459961 15.518839836120605 15.763522148132324 15.758219718933105 15.761646270751953
SDSSJ2281534.45+231508.4 228.25957 23.252343 18.99308204650879 18.98649787902832 18.961978912353516 18.983009338378906 18.98830223083496 18.97126579284668 18.943410873413086 18.755611419677734 18.5700740814209 18.507625579833984 18.338151931762695 18.329635620117188
SDSSJ2310450.02+220920.1 231.08056 22.155575 19.47220802307129 19.487316131591797 19.402801513671875 19.576438903808594 19.521305084228516 19.53902816772461 19.563030242919922 19.42424774169922 18.860078811645508 19.33031463623047 19.007387161254883 18.989246368408203
SDSSJ2381147.72+185629.2 238.19659 18.941435 15.800631523132324 15.711982727050781 15.765252113342285 15.933453559875488 15.87403392791748 15.677181243896484 15.521478652954102 15.156445503234863 14.82967758178711 14.991491317749023 14.914606094360352 14.89937686920166
SDSSJ2391337.16+210719.0 239.22699 21.121938 18.704740524291992 18.689783096313477 18.48564338684082 18.796789169311523 18.718854904174805 18.40960121154785 18.397993087768555 17.824495315551758 17.43226432800293 17.54886817932129 17.413829803466797 17.42007827758789
SDSSJ2504207.85+134751.5 250.70218 13.797637 18.081220626831055 18.051149368286133 17.99030876159668 18.149995803833008 18.076278686523438 18.079965591430664 18.086090087890625 17.949697494506836 17.57369041442871 17.917251586914062 17.881099700927734 17.911367416381836
SDSSJ1662456.52+250628.6 166.4157 25.107953 17.826190948486328 17.841346740722656 17.712200164794922 17.699970245361328 17.62014389038086 17.56450653076172 17.447866439819336 17.504117965698242 17.457752227783203 16.8337459564209 16.404878616333008 16.282970428466797
SDSSJ1772855.45+284507.4 177.48207 28.752043 19.038665771484375 19.04118537902832 19.06709098815918 19.008323669433594 19.098838806152344 19.06875228881836 19.10338020324707 19.244409561157227 19.19732093811035 19.394590377807617 19.136306762695312 19.133617401123047
SDSSJ1940916.63+263643.2 194.15462 26.612009 17.038660049438477 16.990949630737305 17.030908584594727 17.416505813598633 17.41314125061035 17.50849151611328 17.621957778930664 17.342708587646484 16.710147857666016 17.221418380737305 17.0520076751709 17.105741500854492
SDSSJ1174459.57+141150.2 117.74988 14.197268 18.814870834350586 18.83173370361328 18.806249618530273 18.893404006958008 18.846240997314453 18.855947494506836 18.851768493652344 18.699390411376953 18.321979522705078 18.586021423339844 18.433717727661133 18.434547424316406
SDSSJ1184655.52+143547.7 118.78209 14.596576 18.180862426757812 18.152833938598633 18.1370849609375 18.26498794555664 18.235008239746094 18.2357177734375 18.225906372070312 18.308393478393555 17.884212493896484 18.438756942749023 18.2796573638916 18.336366653442383
SDSSJ1230154.55+131824.5 123.03182 13.306795 18.238882064819336 18.198654174804688 18.167646408081055 18.475868225097656 18.42242431640625 18.419612884521484 18.4176082611084 18.20708656311035 17.781871795654297 17.977825164794922 17.767200469970703 17.789676666259766
SDSSJ1372738.02+184947.4 137.46056 18.829835 16.343090057373047 16.317766189575195 16.22492027282715 16.45929718017578 16.393774032592773 16.319120407104492 16.297210693359375 15.852289199829102 15.257925033569336 15.294021606445312 14.984395980834961 14.980831146240234
SDSSJ1372738.02+184947.4 137.46056 18.829835 16.13528060913086 16.101179122924805 16.004003524780273 16.342548370361328 16.301578521728516 16.258926391601562 16.251781463623047 15.780497550964355 15.176743507385254 15.173747062683105 14.827040672302246 14.833675384521484
SDSSJ1402042.61+203857.1 140.34517 20.649198 19.224748611450195 19.187789916992188 19.285175323486328 19.278892517089844 19.087915420532227 18.828142166137695 18.674226760864258 18.347774505615234 18.116466522216797 18.185928344726562 18.292890548706055 18.25957489013672
SDSSJ1402042.61+203857.1 140.34517 20.649198 19.3789119720459 19.3697566986084 19.601093292236328 19.59328842163086 19.44280242919922 19.151063919067383 19.002403259277344 18.75892448425293 18.53468132019043 18.664438247680664 18.91745948791504 18.914836883544922
SDSSJ521345.09+52254.2 52.229192 5.381715 18.268997192382812 18.276317596435547 18.390365600585938 18.44144630432129 18.464506149291992 18.36571502685547 18.410310745239258 18.223562240600586 18.0191650390625 18.20610809326172 18.254962921142578 18.285871505737305
SDSSJ521345.09+52254.2 52.229192 5.381715 18.17218589782715 18.15729522705078 18.10111427307129 18.15583038330078 18.13648223876953 18.04307746887207 18.0361385345459 17.926862716674805 17.78144645690918 17.966861724853516 17.945051193237305 17.972795486450195
SDSSJ1514436.13+233724.4 151.74337 23.623452 18.996599197387695 18.997034072875977 18.885257720947266 19.007709503173828 18.976865768432617 18.856597900390625 18.835079193115234 18.36602210998535 17.831138610839844 17.653396606445312 17.300264358520508 17.27813148498535
SDSSJ1570001.22+214813.6 157.00034 21.803765 16.691402435302734 16.691436767578125 16.592506408691406 16.561161041259766 16.525299072265625 16.470571517944336 16.430164337158203 16.398740768432617 16.31742286682129 16.433822631835938 16.472091674804688 16.47307014465332
SDSSJ1511850.80+191108.0 151.31411 19.185545 18.189878463745117 18.13739013671875 18.059921264648438 18.333328247070312 18.296720504760742 18.325613021850586 18.33358383178711 18.29853057861328 17.834680557250977 18.1187801361084 17.813161849975586 17.817005157470703
SDSSJ1574508.28+202832.2 157.7523 20.475616 19.77647590637207 19.77783966064453 19.85281753540039 19.819133758544922 19.866512298583984 19.736711502075195 19.705039978027344 19.55156135559082 19.0784912109375 19.716426849365234 18.988969802856445 19.038963317871094
SDSSJ1411107.26+80151.0 141.18535 8.030832 19.2072696685791 19.17667007446289 19.227453231811523 19.466602325439453 19.411888122558594 19.309783935546875 19.296695709228516 18.692440032958984 18.24869728088379 18.093547821044922 17.80946159362793 17.809289932250977
SDSSJ2383305.08+272152.4 238.55141 27.364557 17.1612548828125 17.12688446044922 17.197214126586914 17.37647819519043 17.407100677490234 17.27872657775879 17.225099563598633 17.3592529296875 16.970823287963867 16.71300506591797 16.302318572998047 16.243610382080078
SDSSJ2383305.08+272152.4 238.55141 27.364557 16.78111457824707 16.78596305847168 16.90883445739746 17.189897537231445 17.285615921020508 17.11349105834961 16.98472023010254 17.229110717773438 17.042144775390625 16.648670196533203 16.269365310668945 16.218734741210938
SDSSJ2464935.90+120435.0 246.82664 12.076391 18.793716430664062 18.764806747436523 18.819461822509766 19.105138778686523 19.101696014404297 19.09657096862793 19.154001235961914 18.808563232421875 18.257549285888672 18.534168243408203 18.282573699951172 18.30552101135254
SDSSJ225305.83-90122.3 22.884952 -9.0228491 18.462514877319336 18.415246963500977 18.420915603637695 18.657489776611328 18.632850646972656 18.719722747802734 18.790590286254883 18.9385929107666 18.364471435546875 19.161666870117188 19.04998207092285 19.12369155883789
SDSSJ1463909.04+444644.8 146.65251 44.779098 19.36587142944336 19.3727970123291 19.2962589263916 19.403329849243164 19.39356231689453 19.38083839416504 19.376476287841797 19.129060745239258 18.720624923706055 18.541223526000977 18.10775375366211 18.084095001220703
