CV-synthetic-mag-splus.ecsv
# %ECSV 0.9
# ---
# datatype:
# - {name: ID, datatype: string}
# - {name: RA, datatype: float64}
# - {name: DEC, datatype: float64}
# - {name: U, datatype: float64}
# - {name: F378, datatype: float64}
# - {name: F395, datatype: float64}
# - {name: F410, datatype: float64}
# - {name: F430, datatype: float64}
# - {name: G, datatype: float64}
# - {name: F515, datatype: float64}
# - {name: R, datatype: float64}
# - {name: F660, datatype: float64}
# - {name: I, datatype: float64}
# - {name: F861, datatype: float64}
# - {name: Z, datatype: float64}
# meta: {name: first table}
# schema: astropy-2.0
ID RA DEC U F378 F395 F410 F430 G F515 R F660 I F861 Z
SDSSJ1555655.21+03841.2 155.94867 0.64476744 16.226715087890625 16.235628128051758 16.210107803344727 16.23822784423828 16.21808624267578 16.14712905883789 16.110912322998047 15.973761558532715 15.831634521484375 15.89477252960205 15.85450553894043 15.8738431930542
SDSSJ2184503.38-04606.4 218.75094 -0.76843896 18.398714065551758 18.411903381347656 18.365970611572266 18.465545654296875 18.43671417236328 18.44267463684082 18.44084358215332 18.389358520507812 18.10337257385254 18.256093978881836 18.114139556884766 18.09951400756836
SDSSJ2184503.38-04606.4 218.75094 -0.76843896 17.805221557617188 17.78030776977539 17.70637321472168 17.93812370300293 17.895700454711914 17.911420822143555 17.953153610229492 17.681486129760742 17.115798950195312 17.506711959838867 17.33196258544922 17.361526489257812
SDSSJ1893325.99-33933.0 189.55722 -3.659162 17.829187393188477 17.822860717773438 17.796226501464844 17.858278274536133 17.775291442871094 17.77959442138672 17.777238845825195 17.933073043823242 17.704736709594727 18.142061233520508 18.128833770751953 18.136844635009766
SDSSJ2385259.84-01055.0 238.88329 -0.18194386 19.178546905517578 19.169981002807617 19.10153579711914 19.30632781982422 19.280364990234375 19.332712173461914 19.34650421142578 19.24471092224121 18.537979125976562 19.07425308227539 18.708932876586914 18.70690155029297
SDSSJ2391103.55-00950.2 239.18432 -0.1639509 18.946575164794922 18.960805892944336 18.808340072631836 18.830873489379883 18.751747131347656 18.614290237426758 18.506439208984375 18.401870727539062 18.126914978027344 18.13628387451172 17.852235794067383 17.85526466369629
SDSSJ2423824.54-10223.3 242.64015 -1.0397919 19.372638702392578 19.35309410095215 19.335311889648438 19.25247573852539 19.186113357543945 19.083860397338867 19.001453399658203 19.108430862426758 18.867446899414062 19.258373260498047 19.3192195892334 19.346633911132812
SDSSJ2492033.22-01957.1 249.34256 -0.33253576 20.233882904052734 20.16067123413086 20.01283073425293 20.388742446899414 20.348730087280273 20.384111404418945 20.426870346069336 20.127716064453125 19.424165725708008 19.877120971679688 19.408498764038086 19.36956787109375
SDSSJ2492033.22-01957.1 249.34256 -0.33253576 20.289199829101562 20.228300094604492 20.10968589782715 20.65241241455078 20.5579833984375 20.57438087463379 20.627973556518555 20.249338150024414 19.40757179260254 20.076953887939453 19.72585105895996 19.764076232910156
SDSSJ2623205.96+624754.6 262.53499 62.798503 17.949661254882812 17.89569664001465 17.84634780883789 18.115764617919922 18.070953369140625 18.099355697631836 18.147991180419922 17.88211441040039 17.295400619506836 17.79332160949707 17.65911293029785 17.679956436157227
SDSSJ2623205.96+624754.6 262.53499 62.798503 16.20248794555664 16.190221786499023 16.160261154174805 16.19842529296875 16.237163543701172 16.330766677856445 16.42629051208496 16.546709060668945 16.3669490814209 16.715866088867188 16.76741600036621 16.78974723815918
SDSSJ3383958.90+04127.2 338.66636 0.69089559 17.65233612060547 17.645336151123047 17.667306900024414 17.846542358398438 17.770536422729492 17.73585319519043 17.71061134338379 17.44995880126953 17.023412704467773 17.281862258911133 17.1523494720459 17.174997329711914
SDSSJ3394057.58+10820.7 339.68266 1.13907 18.12432098388672 18.109203338623047 18.078594207763672 18.12232208251953 18.1466007232666 18.17035675048828 18.224210739135742 18.172765731811523 17.975738525390625 18.190574645996094 18.18258285522461 18.208375930786133
SDSSJ3455754.61+10651.0 345.96517 1.1141683 19.7740421295166 19.75847053527832 19.754043579101562 19.98430633544922 19.848642349243164 19.858654022216797 19.880748748779297 19.616558074951172 18.868764877319336 19.177989959716797 18.698081970214844 18.640607833862305
SDSSJ285550.91+02807.2 28.930807 0.46865475 16.959251403808594 16.941083908081055 16.849607467651367 16.85558319091797 16.755905151367188 16.655773162841797 16.599145889282227 16.50146484375 16.350440979003906 16.496742248535156 16.499948501586914 16.51988410949707
SDSSJ382039.04+05059.6 38.344179 0.84988384 20.14868927001953 20.066959381103516 20.127643585205078 20.192272186279297 20.113914489746094 20.21802520751953 20.326303482055664 20.209997177124023 19.349468231201172 20.483055114746094 20.420440673828125 20.405094146728516
SDSSJ275758.00+140047.2 27.966112 14.013108 19.878948211669922 19.902681350708008 20.014860153198242 20.12746238708496 20.05824851989746 19.996524810791016 19.96335792541504 19.661439895629883 19.216041564941406 19.305065155029297 19.024185180664062 19.00779914855957
SDSSJ1232028.68+452809.4 123.3413 45.469274 19.994613647460938 19.95144271850586 19.76884651184082 19.591978073120117 19.407718658447266 18.894561767578125 18.820297241210938 17.944049835205078 17.669126510620117 17.43447494506836 17.199647903442383 17.177968978881836
SDSSJ1253900.76+510524.6 125.65021 51.090158 15.188488006591797 15.165995597839355 15.228221893310547 15.321659088134766 15.356705665588379 15.357516288757324 15.409414291381836 15.253796577453613 14.931869506835938 15.259392738342285 15.256446838378906 15.258317947387695
SDSSJ1260225.98+493124.4 126.04055 49.523453 20.40491485595703 20.352230072021484 19.856958389282227 19.980852127075195 19.916147232055664 19.7921199798584 19.701583862304688 19.442941665649414 19.12918472290039 19.322677612304688 19.196863174438477 19.19835090637207
SDSSJ1291041.23+532838.1 129.17812 53.477241 15.711204528808594 15.684001922607422 15.93740463256836 16.292213439941406 16.25663185119629 16.370046615600586 16.505563735961914 16.33486557006836 15.598686218261719 16.353662490844727 16.17732810974121 16.237897872924805
SDSSJ1294118.49+491055.5 129.68847 49.182073 20.264354705810547 20.132787704467773 19.85345458984375 20.33088493347168 20.151519775390625 20.189510345458984 20.21280288696289 19.991989135742188 19.051244735717773 19.958681106567383 19.618789672851562 19.61892318725586
SDSSJ474254.91-75500.3 47.715254 -7.9167452 21.76432991027832 21.670217514038086 21.673633575439453 21.853355407714844 21.95810890197754 21.88995933532715 21.91800308227539 21.539207458496094 21.042959213256836 21.157791137695312 20.467079162597656 20.423126220703125
SDSSJ614841.73-64425.1 61.811592 -6.7403074 17.35464096069336 17.385725021362305 17.394468307495117 17.40450096130371 17.349361419677734 17.288291931152344 17.246379852294922 17.05470848083496 16.874576568603516 16.836214065551758 16.712337493896484 16.707204818725586
SDSSJ1400223.17+04244.9 140.03977 0.71246182 18.63118553161621 18.62242889404297 18.620887756347656 18.640682220458984 18.598642349243164 18.555294036865234 18.564069747924805 18.260610580444336 17.772932052612305 18.074811935424805 17.966510772705078 17.962249755859375
SDSSJ1332602.65+574840.6 133.43407 57.811289 15.210570335388184 15.183431625366211 15.396024703979492 15.88809585571289 15.887947082519531 16.02906036376953 16.195964813232422 16.010868072509766 15.182592391967773 15.959074020385742 15.674080848693848 15.74638557434082
SDSSJ1332602.65+574840.6 133.43407 57.811289 15.486370086669922 15.412973403930664 15.3676176071167 15.835710525512695 15.825611114501953 15.963295936584473 16.126018524169922 15.912040710449219 15.104836463928223 15.820778846740723 15.552091598510742 15.612380981445312
SDSSJ1332602.65+574840.6 133.43407 57.811289 15.626956939697266 15.577608108520508 15.601327896118164 16.079757690429688 16.066852569580078 16.165420532226562 16.281829833984375 16.039875030517578 15.265589714050293 15.933701515197754 15.646052360534668 15.708890914916992
SDSSJ1923557.80+665525.5 192.59939 66.923744 18.90139389038086 18.875240325927734 18.862728118896484 18.996252059936523 18.9833927154541 19.016759872436523 19.043434143066406 18.9750919342041 18.581388473510742 18.961069107055664 18.855588912963867 18.860572814941406
SDSSJ2015050.78+652854.3 201.84744 65.481747 18.14600944519043 18.148258209228516 18.386613845825195 18.402271270751953 18.359651565551758 18.254730224609375 18.21550178527832 18.002412796020508 17.684438705444336 17.97309112548828 17.944965362548828 17.94052505493164
SDSSJ2015050.78+652854.3 201.84744 65.481747 17.52385139465332 17.540878295898438 17.883943557739258 17.889436721801758 17.892379760742188 17.82833480834961 17.824007034301758 17.71293067932129 17.403982162475586 17.75143051147461 17.770835876464844 17.78030014038086
SDSSJ1742033.76+14858.6 174.34271 1.8162744 18.145414352416992 18.140531539916992 18.101638793945312 18.281641006469727 18.267044067382812 18.242883682250977 18.21169090270996 18.168561935424805 17.800477981567383 17.817575454711914 17.47490119934082 17.467737197875977
SDSSJ1743642.34+32207.1 174.61176 3.3686361 15.190775871276855 15.09068775177002 15.032470703125 15.47487735748291 15.458553314208984 15.59848690032959 15.759544372558594 15.545881271362305 14.771605491638184 15.505196571350098 15.292404174804688 15.374017715454102
SDSSJ1830219.68+13627.7 183.0388 1.6076987 18.086822509765625 18.096006393432617 18.094175338745117 18.03319549560547 18.05536460876465 17.945104598999023 17.88094711303711 18.0733585357666 18.207481384277344 18.256715774536133 18.359895706176758 18.350656509399414
SDSSJ2010253.59+32050.5 201.04822 3.3473641 22.406843185424805 inf 23.035324096679688 22.790315628051758 22.65144157409668 22.39682960510254 22.524202346801758 21.72119903564453 22.29155921936035 21.303604125976562 20.598482131958008 20.5259952545166
SDSSJ1181006.71+362823.2 118.16853 36.473119 18.98179054260254 19.010847091674805 19.163393020629883 19.287870407104492 19.329294204711914 19.284086227416992 19.31855583190918 18.988178253173828 18.682640075683594 18.72047233581543 18.572072982788086 18.556480407714844
SDSSJ1203350.87+401047.2 120.56413 40.179772 16.820592880249023 16.811304092407227 16.774118423461914 16.772193908691406 16.774282455444336 16.79542350769043 16.811630249023438 16.81281280517578 16.771953582763672 16.805801391601562 16.78533172607422 16.788433074951172
SDSSJ1203346.73+401043.0 120.56298 40.178619 20.666532516479492 20.563426971435547 20.276981353759766 20.129722595214844 19.68818473815918 19.322540283203125 19.06117820739746 18.57396125793457 18.46154022216797 18.191679000854492 17.992517471313477 18.000568389892578
SDSSJ1310001.51+23919.3 131.00042 2.6553613 18.27298927307129 18.270404815673828 18.404890060424805 18.90308952331543 18.905868530273438 18.933055877685547 19.000457763671875 18.413951873779297 17.711727142333984 17.916316986083984 17.587570190429688 17.59316062927246
SDSSJ1324650.92+30834.4 132.78081 3.1428843 18.56842041015625 18.518085479736328 18.529394149780273 18.800580978393555 18.77538299560547 18.855562210083008 18.94273567199707 18.754865646362305 18.103483200073242 18.679349899291992 18.422626495361328 18.46318244934082
SDSSJ1360052.27+35501.2 136.01452 3.9170011 19.82744789123535 19.80674171447754 19.58851432800293 19.522476196289062 19.444652557373047 19.368242263793945 19.294008255004883 19.448909759521484 19.460718154907227 19.587989807128906 19.550079345703125 19.51205825805664
SDSSJ1460755.60+35805.5 146.13211 3.9681961 17.629308700561523 17.565900802612305 17.508481979370117 17.752702713012695 17.691139221191406 17.492630004882812 17.480243682861328 16.69780158996582 16.21695899963379 16.007339477539062 15.71555233001709 15.698822021484375
SDSSJ2382246.78+551614.5 238.37966 55.270692 19.908266067504883 19.888179779052734 20.01884651184082 20.013591766357422 19.74435806274414 19.044240951538086 19.432579040527344 18.07687759399414 18.173696517944336 16.998138427734375 16.38587760925293 16.263431549072266
SDSSJ2551319.49+400357.6 255.22208 40.066011 19.3538761138916 19.32201385498047 19.25835418701172 19.26634979248047 19.158687591552734 19.01364517211914 18.900249481201172 18.606428146362305 18.432342529296875 18.292768478393555 18.07996368408203 18.070220947265625
SDSSJ3120427.73-61044.8 312.07437 -6.1791209 19.90205192565918 19.909976959228516 19.696924209594727 19.927228927612305 19.881202697753906 19.888652801513672 19.876169204711914 19.82820701599121 19.342906951904297 19.738737106323242 19.526968002319336 19.505802154541016
SDSSJ3111213.79-45928.8 311.20383 -4.9913347 17.651535034179688 17.57469940185547 17.534772872924805 17.67779541015625 17.553754806518555 17.26997947692871 17.197559356689453 16.538564682006836 16.18803596496582 16.169164657592773 15.980050086975098 15.985770225524902
SDSSJ3123427.59-53626.8 312.57433 -5.6074468 18.70281219482422 18.663679122924805 18.730867385864258 18.83785057067871 18.77120018005371 18.776830673217773 18.938743591308594 18.47623062133789 17.9368953704834 18.133005142211914 17.874250411987305 17.848520278930664
SDSSJ3144843.09-61220.5 314.81197 -6.2056925 18.91708755493164 18.84752082824707 18.86652946472168 19.148086547851562 19.082469940185547 19.119129180908203 19.16188621520996 18.810302734375 18.242813110351562 18.60096549987793 18.418254852294922 18.458396911621094
SDSSJ225305.83-90122.3 22.884952 -9.0228491 18.14738655090332 18.08607292175293 18.03680419921875 18.275543212890625 18.283592224121094 18.360937118530273 18.425006866455078 18.55185890197754 18.06062889099121 18.758337020874023 18.6084041595459 18.687788009643555
SDSSJ241515.92-91234.9 24.254421 -9.2096883 18.79589080810547 18.79649543762207 18.732561111450195 18.890836715698242 18.871213912963867 18.74597930908203 18.687774658203125 18.45881462097168 18.157869338989258 18.05364990234375 17.789968490600586 17.79604721069336
SDSSJ225305.83-90122.3 22.884952 -9.0228491 18.084659576416016 18.015836715698242 17.957027435302734 18.216445922851562 18.22061538696289 18.28671646118164 18.344175338745117 18.40533447265625 17.85504150390625 18.52715301513672 18.385826110839844 18.45183563232422
SDSSJ241515.92-91234.9 24.254421 -9.2096883 18.738771438598633 18.769540786743164 18.76826286315918 18.92072105407715 18.921098709106445 18.803428649902344 18.765838623046875 18.576183319091797 18.281801223754883 18.152690887451172 17.864160537719727 17.87589454650879
SDSSJ3383958.90+04127.2 338.66636 0.69089559 17.596426010131836 17.589580535888672 17.62118911743164 17.9342098236084 17.90437889099121 17.977930068969727 18.052492141723633 17.787338256835938 17.191213607788086 17.601070404052734 17.379985809326172 17.430870056152344
SDSSJ3394057.58+10820.7 339.68266 1.13907 18.415613174438477 18.42049789428711 18.390119552612305 18.39519500732422 18.33488655090332 18.299535751342773 18.286693572998047 18.198970794677734 17.994979858398438 18.22238540649414 18.235254287719727 18.239459991455078
SDSSJ095515.90+05427.5 9.9210847 0.9076274 20.658193588256836 20.550626754760742 20.24638557434082 20.488149642944336 20.47750473022461 20.54491424560547 20.60735511779785 20.70854377746582 20.021888732910156 20.878692626953125 20.563541412353516 20.49995231628418
SDSSJ3283246.93-90121.7 328.54637 -9.0226812 18.886341094970703 18.862009048461914 18.767446517944336 18.785873413085938 18.763214111328125 18.80970573425293 18.86747169494629 18.899829864501953 18.777082443237305 18.966474533081055 18.91248893737793 18.932022094726562
SDSSJ3443747.71-94931.7 344.62992 -9.8254699 15.357086181640625 15.299989700317383 15.327486991882324 15.550416946411133 15.472650527954102 15.49336051940918 15.511377334594727 15.289138793945312 14.856694221496582 15.125597953796387 14.984720230102539 15.019322395324707
SDSSJ3190121.40+113407.5 319.02261 11.568738 22.135435104370117 21.87771987915039 21.777719497680664 22.04612922668457 22.099956512451172 22.16982078552246 22.2784366607666 22.162790298461914 21.86501121520996 21.659698486328125 20.913326263427734 20.97909927368164
SDSSJ3312829.64+115553.7 331.4749 11.931574 20.081195831298828 20.139333724975586 20.36065673828125 20.376001358032227 20.217206954956055 20.140918731689453 20.036666870117188 20.05145835876465 19.640947341918945 20.200145721435547 20.081422805786133 20.04192543029785
